{"producer":{"name":"Blender","version":"2.80 (sub 75)","exporter_version":"6.2.2","file":"mixamo1.babylon"},
"autoClear":true,"clearColor":[0.0509,0.0509,0.0509],"gravity":[0,-9.81,0],
"materials":[{"name":"Material","id":"Material","customType":"BABYLON.PBRMaterial","backFaceCulling":true,"checkReadyOnlyOnce":false,"maxSimultaneousLights":4,"environmentIntensity":1,"albedo":[0.8,0.8,0.8],"reflectivity":[0.5,0.5,0.5],"roughness":0.4,"alpha":1,"transparencyMode":0,"alphaCutOff":0.4,"metallic":0},
{"name":"Bodymat","id":"Bodymat","customType":"BABYLON.PBRMaterial","backFaceCulling":true,"checkReadyOnlyOnce":false,"maxSimultaneousLights":4,"environmentIntensity":1,"reflectivity":[0.5,0.5,0.5],"roughness":0.5,"alpha":1,"transparencyMode":0,"alphaCutOff":0.4,"metallic":0.04, 
"albedoTexture":{"name":"fuse_1_Body_Diffuse.png","level":1,"hasAlpha":true,"coordinatesMode":0,"uOffset":0,"vOffset":0,"uScale":1,"vScale":1,"uAng":0,"vAng":0,"wAng":0,"wrapU":1,"wrapV":1,"coordinatesIndex":0},"useAlphaFromAlbedoTexture":true},
{"name":"Shoesmat","id":"Shoesmat","customType":"BABYLON.PBRMaterial","backFaceCulling":true,"checkReadyOnlyOnce":false,"maxSimultaneousLights":4,"environmentIntensity":1,"reflectivity":[0.5,0.5,0.5],"roughness":0.5,"alpha":1,"transparencyMode":0,"alphaCutOff":0.4,"metallic":0.04, 
"albedoTexture":{"name":"fuse_1_Shoes_Diffuse.png","level":1,"hasAlpha":true,"coordinatesMode":0,"uOffset":0,"vOffset":0,"uScale":1,"vScale":1,"uAng":0,"vAng":0,"wAng":0,"wrapU":1,"wrapV":1,"coordinatesIndex":0},"useAlphaFromAlbedoTexture":true},
{"name":"Bottommat","id":"Bottommat","customType":"BABYLON.PBRMaterial","backFaceCulling":true,"checkReadyOnlyOnce":false,"maxSimultaneousLights":4,"environmentIntensity":1,"reflectivity":[0.5,0.5,0.5],"roughness":0.5,"alpha":1,"transparencyMode":0,"alphaCutOff":0.4,"metallic":0.04, 
"albedoTexture":{"name":"fuse_1_Bottom_Diffuse.png","level":1,"hasAlpha":true,"coordinatesMode":0,"uOffset":0,"vOffset":0,"uScale":1,"vScale":1,"uAng":0,"vAng":0,"wAng":0,"wrapU":1,"wrapV":1,"coordinatesIndex":0},"useAlphaFromAlbedoTexture":true},
{"name":"Topmat","id":"Topmat","customType":"BABYLON.PBRMaterial","backFaceCulling":true,"checkReadyOnlyOnce":false,"maxSimultaneousLights":4,"environmentIntensity":1,"reflectivity":[0.5,0.5,0.5],"roughness":0.5,"alpha":1,"transparencyMode":0,"alphaCutOff":0.4,"metallic":0.04, 
"albedoTexture":{"name":"fuse_1_Top_Diffuse.png","level":1,"hasAlpha":true,"coordinatesMode":0,"uOffset":0,"vOffset":0,"uScale":1,"vScale":1,"uAng":0,"vAng":0,"wAng":0,"wrapU":1,"wrapV":1,"coordinatesIndex":0},"useAlphaFromAlbedoTexture":true}],
"multiMaterials":[],
"skeletons":[{"name":"Armature","id":0,"dimensionsAtRest":[193.2846,27.1972,179.8175],"bones":[
{"name":"mixamorig_Hips","index":0,"matrix":[0.01,-0.0003,-0.0003,0,0.0004,0.01,0.0002,0,-0.0003,0.0002,-0.01,0,-0.0005,0.9574,-0.0022,1],"rest":[0.01,0,0,0,0,0.01,0,0,0,0,-0.01,0,-0.0023,1.0085,0.0004,1],"parentBoneIndex":-1,"length":2.586
,"animation":{"dataType":3,"framePerSecond":24,"keys":[
{"frame":0,"values":[0.01,-0.0003,-0.0003,0,0.0004,0.01,0.0002,0,-0.0003,0.0002,-0.01,0,-0.0005,0.9574,-0.0021,1]},
{"frame":1,"values":[0.01,-0.0003,-0.0003,0,0.0004,0.01,0.0002,0,-0.0003,0.0002,-0.01,0,-0.0005,0.9574,-0.0022,1]},
{"frame":2,"values":[0.01,-0.0003,-0.0003,0,0.0004,0.01,0.0002,0,-0.0003,0.0002,-0.01,0,-0.0005,0.9575,-0.0023,1]},
{"frame":3,"values":[0.01,-0.0003,-0.0002,0,0.0004,0.01,0.0002,0,-0.0002,0.0002,-0.01,0,-0.0005,0.9576,-0.0024,1]},
{"frame":4,"values":[0.01,-0.0003,-0.0002,0,0.0003,0.01,0.0001,0,-0.0002,0.0001,-0.01,0,-0.0005,0.9574,-0.0023,1]},
{"frame":5,"values":[0.01,-0.0003,-0.0002,0,0.0003,0.01,0.0001,0,-0.0002,0.0001,-0.01,0,-0.0004,0.9576,-0.0022,1]},
{"frame":6,"values":[0.01,-0.0003,-0.0002,0,0.0003,0.01,0.0001,0,-0.0002,0.0001,-0.01,0,-0.0001,0.9577,-0.002,1]},
{"frame":7,"values":[0.01,-0.0003,-0.0003,0,0.0003,0.01,0.0001,0,-0.0003,0.0001,-0.01,0,0.0004,0.9578,-0.0016,1]},
{"frame":8,"values":[0.01,-0.0003,-0.0004,0,0.0003,0.01,0.0001,0,-0.0004,0.0001,-0.01,0,0.0019,0.9575,-0.0012,1]},
{"frame":9,"values":[0.01,-0.0003,-0.0007,0,0.0003,0.01,0.0001,0,-0.0007,0.0001,-0.01,0,0.0025,0.9562,-0.0002,1]},
{"frame":10,"values":[0.0099,-0.0004,-0.0013,0,0.0004,0.01,0.0001,0,-0.0013,0.0001,-0.0099,0,0.0023,0.9559,0.0002,1]},
{"frame":11,"values":[0.0098,-0.0005,-0.0022,0,0.0005,0.01,0,0,-0.0022,0.0001,-0.0098,0,0.0021,0.9546,-0.0005,1]},
{"frame":12,"values":[0.0095,-0.0005,-0.0032,0,0.0005,0.01,0,0,-0.0032,0.0001,-0.0095,0,0.0021,0.9519,-0.0023,1]},
{"frame":13,"values":[0.009,-0.0006,-0.0043,0,0.0006,0.01,-0.0001,0,-0.0043,0.0002,-0.009,0,0.0021,0.9513,-0.0051,1]},
{"frame":14,"values":[0.0085,-0.0006,-0.0053,0,0.0006,0.01,-0.0001,0,-0.0053,0.0002,-0.0085,0,0.0025,0.9508,-0.0078,1]},
{"frame":15,"values":[0.0079,-0.0005,-0.0061,0,0.0006,0.01,-0.0001,0,-0.0061,0.0003,-0.0079,0,0.0031,0.9517,-0.0108,1]},
{"frame":16,"values":[0.0075,-0.0005,-0.0066,0,0.0006,0.01,-0.0001,0,-0.0066,0.0003,-0.0075,0,0.0038,0.9532,-0.0117,1]},
{"frame":17,"values":[0.0071,-0.0006,-0.007,0,0.0006,0.01,-0.0002,0,-0.007,0.0003,-0.0071,0,0.0043,0.9539,-0.0127,1]},
{"frame":18,"values":[0.0069,-0.0006,-0.0072,0,0.0006,0.01,-0.0002,0,-0.0072,0.0003,-0.0069,0,0.0047,0.955,-0.0138,1]},
{"frame":19,"values":[0.0068,-0.0005,-0.0073,0,0.0005,0.01,-0.0002,0,-0.0073,0.0002,-0.0068,0,0.0047,0.9573,-0.0148,1]},
{"frame":20,"values":[0.0067,-0.0005,-0.0074,0,0.0005,0.01,-0.0002,0,-0.0074,0.0002,-0.0067,0,0.0042,0.9585,-0.0158,1]},
{"frame":21,"values":[0.0067,-0.0005,-0.0074,0,0.0005,0.01,-0.0003,0,-0.0074,0.0002,-0.0067,0,0.0035,0.9598,-0.0163,1]},
{"frame":22,"values":[0.0068,-0.0005,-0.0073,0,0.0005,0.01,-0.0003,0,-0.0073,0.0002,-0.0068,0,0.0029,0.9603,-0.0167,1]},
{"frame":23,"values":[0.0068,-0.0005,-0.0073,0,0.0005,0.01,-0.0003,0,-0.0073,0.0002,-0.0069,0,0.0027,0.9603,-0.0169,1]},
{"frame":24,"values":[0.0069,-0.0005,-0.0072,0,0.0005,0.01,-0.0003,0,-0.0072,0.0002,-0.0069,0,0.0024,0.9593,-0.0172,1]},
{"frame":25,"values":[0.0069,-0.0005,-0.0072,0,0.0005,0.01,-0.0003,0,-0.0072,0.0001,-0.007,0,0.0024,0.9578,-0.0173,1]},
{"frame":26,"values":[0.007,-0.0005,-0.0072,0,0.0005,0.01,-0.0003,0,-0.0072,0.0001,-0.007,0,0.0024,0.9557,-0.017,1]},
{"frame":27,"values":[0.007,-0.0005,-0.0072,0,0.0004,0.01,-0.0003,0,-0.0072,0.0001,-0.007,0,0.0028,0.953,-0.0162,1]},
{"frame":28,"values":[0.007,-0.0005,-0.0072,0,0.0004,0.01,-0.0003,0,-0.0072,0.0001,-0.007,0,0.0033,0.951,-0.0141,1]},
{"frame":29,"values":[0.0069,-0.0005,-0.0072,0,0.0004,0.01,-0.0003,0,-0.0072,0.0001,-0.0069,0,0.0051,0.95,-0.0096,1]},
{"frame":30,"values":[0.0069,-0.0005,-0.0073,0,0.0004,0.01,-0.0003,0,-0.0073,0.0001,-0.0069,0,0.0077,0.9491,-0.0041,1]},
{"frame":31,"values":[0.0068,-0.0006,-0.0073,0,0.0004,0.01,-0.0004,0,-0.0073,0,-0.0068,0,0.0109,0.9482,0.0015,1]},
{"frame":32,"values":[0.0067,-0.0006,-0.0074,0,0.0003,0.01,-0.0005,0,-0.0074,-0.0001,-0.0067,0,0.0143,0.9478,0.0061,1]},
{"frame":33,"values":[0.0067,-0.0006,-0.0074,0,0.0002,0.01,-0.0006,0,-0.0075,-0.0003,-0.0067,0,0.0166,0.9496,0.0095,1]},
{"frame":34,"values":[0.0066,-0.0006,-0.0074,0,0.0001,0.01,-0.0007,0,-0.0075,-0.0004,-0.0066,0,0.0183,0.9518,0.0122,1]},
{"frame":35,"values":[0.0067,-0.0006,-0.0074,0,0,0.01,-0.0007,0,-0.0075,-0.0005,-0.0067,0,0.0188,0.9532,0.0139,1]},
{"frame":36,"values":[0.0067,-0.0006,-0.0074,0,0,0.01,-0.0008,0,-0.0074,-0.0005,-0.0067,0,0.0182,0.9529,0.0144,1]},
{"frame":37,"values":[0.0067,-0.0006,-0.0074,0,0.0001,0.01,-0.0008,0,-0.0074,-0.0005,-0.0067,0,0.0167,0.9523,0.014,1]},
{"frame":38,"values":[0.0067,-0.0006,-0.0074,0,0.0001,0.01,-0.0007,0,-0.0074,-0.0004,-0.0067,0,0.015,0.9526,0.013,1]},
{"frame":39,"values":[0.0067,-0.0006,-0.0074,0,0.0001,0.01,-0.0007,0,-0.0074,-0.0004,-0.0067,0,0.0135,0.9533,0.0118,1]},
{"frame":40,"values":[0.0068,-0.0006,-0.0073,0,0.0001,0.01,-0.0007,0,-0.0074,-0.0004,-0.0068,0,0.0121,0.9538,0.0101,1]},
{"frame":41,"values":[0.0068,-0.0006,-0.0073,0,0.0002,0.01,-0.0007,0,-0.0073,-0.0003,-0.0068,0,0.0114,0.9538,0.0085,1]},
{"frame":42,"values":[0.0069,-0.0006,-0.0073,0,0.0002,0.01,-0.0007,0,-0.0073,-0.0003,-0.0068,0,0.0114,0.9539,0.0072,1]},
{"frame":43,"values":[0.0069,-0.0006,-0.0072,0,0.0002,0.01,-0.0006,0,-0.0072,-0.0003,-0.0069,0,0.0124,0.9544,0.0069,1]},
{"frame":44,"values":[0.0071,-0.0006,-0.007,0,0.0002,0.01,-0.0006,0,-0.007,-0.0003,-0.0071,0,0.0145,0.9551,0.0075,1]},
{"frame":45,"values":[0.0074,-0.0005,-0.0067,0,0.0002,0.01,-0.0006,0,-0.0067,-0.0003,-0.0074,0,0.0169,0.957,0.0088,1]},
{"frame":46,"values":[0.0079,-0.0004,-0.0061,0,0.0001,0.01,-0.0005,0,-0.0061,-0.0004,-0.0079,0,0.0186,0.9579,0.0105,1]},
{"frame":47,"values":[0.0085,-0.0003,-0.0053,0,0.0001,0.01,-0.0005,0,-0.0053,-0.0004,-0.0085,0,0.0188,0.9592,0.012,1]},
{"frame":48,"values":[0.009,-0.0002,-0.0043,0,0,0.01,-0.0004,0,-0.0043,-0.0003,-0.009,0,0.0174,0.9618,0.0122,1]},
{"frame":49,"values":[0.0095,0,-0.003,0,0,0.01,-0.0002,0,-0.003,-0.0002,-0.0095,0,0.0148,0.9639,0.0114,1]},
{"frame":50,"values":[0.0099,0,-0.0016,0,-0.0001,0.01,-0.0001,0,-0.0016,-0.0001,-0.0099,0,0.0109,0.9653,0.0094,1]},
{"frame":51,"values":[0.01,0.0002,-0.0001,0,-0.0002,0.01,0.0001,0,-0.0001,0.0001,-0.01,0,0.007,0.9665,0.0051,1]},
{"frame":52,"values":[0.0099,0.0002,0.0012,0,-0.0002,0.01,0.0001,0,0.0012,0.0001,-0.0099,0,0.0029,0.9672,0.002,1]},
{"frame":53,"values":[0.0097,0.0002,0.0024,0,-0.0002,0.01,0.0001,0,0.0024,0.0002,-0.0097,0,-0.0001,0.9676,0,1]},
{"frame":54,"values":[0.0095,0.0002,0.0032,0,-0.0002,0.01,0.0001,0,0.0032,0.0002,-0.0095,0,-0.0013,0.9652,-0.0028,1]},
{"frame":55,"values":[0.0093,0.0002,0.0038,0,-0.0002,0.01,0.0001,0,0.0038,0.0002,-0.0093,0,-0.0025,0.9633,-0.005,1]},
{"frame":56,"values":[0.0091,0.0002,0.0042,0,-0.0003,0.01,0.0001,0,0.0042,0.0002,-0.0091,0,-0.0027,0.9618,-0.0065,1]},
{"frame":57,"values":[0.0089,0.0001,0.0045,0,-0.0002,0.01,0.0001,0,0.0045,0.0002,-0.0089,0,-0.0032,0.9601,-0.0065,1]},
{"frame":58,"values":[0.0088,0.0001,0.0048,0,-0.0002,0.01,0.0002,0,0.0048,0.0002,-0.0088,0,-0.0033,0.9559,-0.007,1]},
{"frame":59,"values":[0.0087,0,0.0049,0,-0.0002,0.01,0.0002,0,0.0049,0.0002,-0.0087,0,-0.0033,0.952,-0.0071,1]},
{"frame":60,"values":[0.0086,0,0.005,0,-0.0001,0.01,0.0002,0,0.005,0.0002,-0.0086,0,-0.0032,0.9508,-0.0069,1]},
{"frame":61,"values":[0.0086,0,0.0051,0,-0.0001,0.01,0.0002,0,0.0051,0.0002,-0.0086,0,-0.0032,0.9513,-0.0065,1]},
{"frame":62,"values":[0.0086,0,0.0051,0,-0.0001,0.01,0.0002,0,0.0051,0.0002,-0.0086,0,-0.0032,0.9521,-0.0058,1]},
{"frame":63,"values":[0.0087,0,0.005,0,-0.0001,0.01,0.0002,0,0.005,0.0002,-0.0087,0,-0.0033,0.9528,-0.0048,1]},
{"frame":64,"values":[0.0087,-0.0001,0.0049,0,0,0.01,0.0002,0,0.0049,0.0002,-0.0087,0,-0.0036,0.9534,-0.0039,1]},
{"frame":65,"values":[0.0088,-0.0001,0.0047,0,0,0.01,0.0002,0,0.0047,0.0002,-0.0088,0,-0.0039,0.9539,-0.0032,1]},
{"frame":66,"values":[0.0089,-0.0001,0.0045,0,0,0.01,0.0002,0,0.0045,0.0001,-0.0089,0,-0.0046,0.9546,-0.0017,1]},
{"frame":67,"values":[0.0091,-0.0002,0.0042,0,0.0001,0.01,0.0002,0,0.0042,0.0001,-0.0091,0,-0.0057,0.9559,-0.0003,1]},
{"frame":68,"values":[0.0093,-0.0003,0.0037,0,0.0002,0.01,0.0002,0,0.0037,0.0001,-0.0093,0,-0.0066,0.9572,0.0006,1]},
{"frame":69,"values":[0.0096,-0.0004,0.0029,0,0.0003,0.01,0.0003,0,0.0029,0.0002,-0.0096,0,-0.0067,0.9564,0.0008,1]},
{"frame":70,"values":[0.0098,-0.0004,0.0018,0,0.0004,0.01,0.0003,0,0.0018,0.0002,-0.0098,0,-0.0066,0.9548,0.0004,1]},
{"frame":71,"values":[0.01,-0.0006,0.0006,0,0.0005,0.01,0.0003,0,0.0006,0.0003,-0.01,0,-0.007,0.953,-0.0008,1]},
{"frame":72,"values":[0.01,-0.0006,-0.0007,0,0.0007,0.01,0.0003,0,-0.0007,0.0004,-0.01,0,-0.0075,0.9497,-0.0025,1]},
{"frame":73,"values":[0.0098,-0.0007,-0.0019,0,0.0007,0.01,0.0003,0,-0.0018,0.0004,-0.0098,0,-0.0075,0.9471,-0.0035,1]},
{"frame":74,"values":[0.0096,-0.0007,-0.0028,0,0.0008,0.01,0.0003,0,-0.0028,0.0005,-0.0096,0,-0.0071,0.9454,-0.0055,1]},
{"frame":75,"values":[0.0093,-0.0006,-0.0036,0,0.0008,0.01,0.0003,0,-0.0035,0.0006,-0.0093,0,-0.0064,0.946,-0.0082,1]},
{"frame":76,"values":[0.0091,-0.0006,-0.0041,0,0.0008,0.01,0.0004,0,-0.004,0.0006,-0.0091,0,-0.0056,0.9482,-0.0101,1]},
{"frame":77,"values":[0.009,-0.0006,-0.0043,0,0.0008,0.01,0.0003,0,-0.0042,0.0006,-0.009,0,-0.0049,0.9501,-0.0112,1]},
{"frame":78,"values":[0.009,-0.0005,-0.0042,0,0.0007,0.01,0.0004,0,-0.0042,0.0006,-0.0091,0,-0.0044,0.9528,-0.0114,1]},
{"frame":79,"values":[0.0091,-0.0005,-0.004,0,0.0007,0.01,0.0004,0,-0.004,0.0006,-0.0091,0,-0.004,0.956,-0.0108,1]},
{"frame":80,"values":[0.0093,-0.0005,-0.0037,0,0.0007,0.01,0.0004,0,-0.0037,0.0006,-0.0093,0,-0.0037,0.9589,-0.0095,1]},
{"frame":81,"values":[0.0094,-0.0005,-0.0033,0,0.0006,0.01,0.0004,0,-0.0033,0.0005,-0.0094,0,-0.0037,0.9616,-0.0079,1]},
{"frame":82,"values":[0.0095,-0.0005,-0.003,0,0.0006,0.01,0.0004,0,-0.0029,0.0005,-0.0095,0,-0.0036,0.9637,-0.0069,1]},
{"frame":83,"values":[0.0096,-0.0005,-0.0026,0,0.0006,0.01,0.0003,0,-0.0026,0.0005,-0.0096,0,-0.0031,0.9642,-0.0059,1]},
{"frame":84,"values":[0.0097,-0.0005,-0.0024,0,0.0006,0.01,0.0003,0,-0.0024,0.0004,-0.0097,0,-0.0022,0.9637,-0.005,1]},
{"frame":85,"values":[0.0097,-0.0004,-0.0023,0,0.0005,0.01,0.0003,0,-0.0023,0.0004,-0.0097,0,-0.0011,0.9634,-0.0036,1]},
{"frame":86,"values":[0.0097,-0.0004,-0.0023,0,0.0005,0.01,0.0002,0,-0.0023,0.0003,-0.0097,0,0.0002,0.9636,-0.0017,1]},
{"frame":87,"values":[0.0097,-0.0004,-0.0024,0,0.0005,0.01,0.0002,0,-0.0024,0.0003,-0.0097,0,0.0022,0.9635,0.001,1]},
{"frame":88,"values":[0.0096,-0.0004,-0.0027,0,0.0005,0.01,0.0001,0,-0.0027,0.0003,-0.0096,0,0.0049,0.9632,0.0041,1]},
{"frame":89,"values":[0.0094,-0.0005,-0.0035,0,0.0005,0.01,0,0,-0.0035,0.0002,-0.0094,0,0.0082,0.9626,0.0049,1]},
{"frame":90,"values":[0.0089,-0.0006,-0.0045,0,0.0006,0.01,0,0,-0.0045,0.0002,-0.0089,0,0.012,0.9596,0.0027,1]},
{"frame":91,"values":[0.0081,-0.0006,-0.0058,0,0.0007,0.01,-0.0001,0,-0.0058,0.0003,-0.0082,0,0.0153,0.9561,-0.002,1]},
{"frame":92,"values":[0.007,-0.0007,-0.0071,0,0.0008,0.01,-0.0002,0,-0.0071,0.0004,-0.0071,0,0.0177,0.9521,-0.0093,1]},
{"frame":93,"values":[0.0057,-0.0007,-0.0082,0,0.0008,0.01,-0.0003,0,-0.0082,0.0005,-0.0057,0,0.0185,0.9477,-0.0176,1]},
{"frame":94,"values":[0.0042,-0.0007,-0.0091,0,0.0008,0.01,-0.0004,0,-0.0091,0.0005,-0.0042,0,0.0178,0.9437,-0.0263,1]},
{"frame":95,"values":[0.0027,-0.0006,-0.0096,0,0.0007,0.01,-0.0004,0,-0.0096,0.0006,-0.0027,0,0.0158,0.9402,-0.0345,1]},
{"frame":96,"values":[0.0014,-0.0006,-0.0099,0,0.0006,0.01,-0.0005,0,-0.0099,0.0005,-0.0014,0,0.0126,0.9338,-0.0419,1]},
{"frame":97,"values":[0.0005,-0.0005,-0.01,0,0.0005,0.01,-0.0005,0,-0.01,0.0005,-0.0005,0,0.0094,0.9298,-0.0468,1]},
{"frame":98,"values":[-0.0001,-0.0005,-0.01,0,0.0005,0.01,-0.0005,0,-0.01,0.0005,0,0,0.007,0.9284,-0.05,1]},
{"frame":99,"values":[-0.0003,-0.0005,-0.01,0,0.0005,0.01,-0.0005,0,-0.01,0.0005,0.0003,0,0.006,0.9286,-0.0517,1]},
{"frame":100,"values":[-0.0004,-0.0005,-0.01,0,0.0005,0.01,-0.0005,0,-0.01,0.0005,0.0004,0,0.0057,0.9306,-0.0532,1]},
{"frame":101,"values":[-0.0003,-0.0005,-0.01,0,0.0005,0.01,-0.0005,0,-0.01,0.0005,0.0003,0,0.0062,0.9324,-0.0545,1]},
{"frame":102,"values":[0,-0.0005,-0.01,0,0.0005,0.01,-0.0005,0,-0.01,0.0005,0,0,0.0073,0.9342,-0.0559,1]},
{"frame":103,"values":[0.0003,-0.0005,-0.01,0,0.0005,0.01,-0.0005,0,-0.01,0.0005,-0.0003,0,0.0087,0.9355,-0.0578,1]},
{"frame":104,"values":[0.0006,-0.0005,-0.01,0,0.0005,0.01,-0.0005,0,-0.01,0.0004,-0.0006,0,0.0107,0.9378,-0.06,1]},
{"frame":105,"values":[0.0008,-0.0005,-0.01,0,0.0005,0.01,-0.0005,0,-0.01,0.0004,-0.0008,0,0.0126,0.9406,-0.0623,1]},
{"frame":106,"values":[0.001,-0.0005,-0.0099,0,0.0005,0.01,-0.0004,0,-0.0099,0.0004,-0.001,0,0.0144,0.9439,-0.0646,1]},
{"frame":107,"values":[0.0012,-0.0005,-0.0099,0,0.0004,0.01,-0.0004,0,-0.0099,0.0004,-0.0012,0,0.0162,0.9471,-0.0661,1]},
{"frame":108,"values":[0.0014,-0.0005,-0.0099,0,0.0004,0.01,-0.0005,0,-0.0099,0.0003,-0.0015,0,0.0181,0.9498,-0.0665,1]},
{"frame":109,"values":[0.0018,-0.0005,-0.0098,0,0.0003,0.01,-0.0004,0,-0.0098,0.0002,-0.0018,0,0.02,0.9493,-0.0676,1]},
{"frame":110,"values":[0.0023,-0.0005,-0.0097,0,0.0003,0.01,-0.0004,0,-0.0097,0.0002,-0.0023,0,0.0225,0.9506,-0.0674,1]},
{"frame":111,"values":[0.0029,-0.0004,-0.0096,0,0.0002,0.01,-0.0004,0,-0.0096,0.0001,-0.0029,0,0.0257,0.9539,-0.0648,1]},
{"frame":112,"values":[0.0038,-0.0004,-0.0092,0,0.0002,0.01,-0.0003,0,-0.0092,0,-0.0038,0,0.0295,0.9587,-0.0607,1]},
{"frame":113,"values":[0.0049,-0.0003,-0.0087,0,0.0001,0.01,-0.0003,0,-0.0087,-0.0001,-0.0049,0,0.0329,0.9636,-0.0547,1]},
{"frame":114,"values":[0.006,-0.0002,-0.008,0,0,0.01,-0.0002,0,-0.008,-0.0001,-0.006,0,0.0356,0.9678,-0.0483,1]},
{"frame":115,"values":[0.007,-0.0002,-0.0071,0,0,0.01,-0.0002,0,-0.0071,-0.0001,-0.007,0,0.0364,0.9711,-0.0415,1]},
{"frame":116,"values":[0.008,-0.0001,-0.006,0,-0.0001,0.01,-0.0002,0,-0.006,-0.0002,-0.008,0,0.0361,0.9739,-0.0337,1]},
{"frame":117,"values":[0.0088,0,-0.0048,0,-0.0001,0.01,-0.0002,0,-0.0048,-0.0003,-0.0088,0,0.0336,0.9745,-0.0263,1]},
{"frame":118,"values":[0.0094,0,-0.0035,0,-0.0001,0.01,-0.0003,0,-0.0035,-0.0003,-0.0094,0,0.0303,0.9756,-0.0197,1]},
{"frame":119,"values":[0.0097,0,-0.0023,0,-0.0001,0.01,-0.0003,0,-0.0023,-0.0003,-0.0097,0,0.0264,0.9767,-0.0145,1]},
{"frame":120,"values":[0.0099,0.0001,-0.0013,0,-0.0001,0.01,-0.0003,0,-0.0013,-0.0003,-0.0099,0,0.0226,0.9769,-0.0106,1]},
{"frame":121,"values":[0.01,0.0001,-0.0005,0,-0.0001,0.01,-0.0003,0,-0.0005,-0.0004,-0.01,0,0.0195,0.9771,-0.0074,1]},
{"frame":122,"values":[0.01,0.0001,0.0001,0,-0.0001,0.01,-0.0004,0,0.0001,-0.0004,-0.01,0,0.0179,0.9765,-0.0045,1]},
{"frame":123,"values":[0.01,0.0001,0.0005,0,-0.0001,0.01,-0.0004,0,0.0005,-0.0004,-0.01,0,0.0168,0.9752,-0.0022,1]},
{"frame":124,"values":[0.01,0.0001,0.0009,0,-0.0001,0.01,-0.0004,0,0.0009,-0.0003,-0.01,0,0.0158,0.9723,0.0003,1]},
{"frame":125,"values":[0.0099,0,0.0011,0,0,0.01,-0.0003,0,0.0011,-0.0003,-0.0099,0,0.0152,0.9681,0.0022,1]},
{"frame":126,"values":[0.0099,0,0.0013,0,0.0001,0.01,-0.0003,0,0.0013,-0.0003,-0.0099,0,0.0149,0.9637,0.004,1]},
{"frame":127,"values":[0.0099,-0.0001,0.0015,0,0.0001,0.01,-0.0002,0,0.0014,-0.0003,-0.0099,0,0.0137,0.9613,0.0057,1]},
{"frame":128,"values":[0.0099,-0.0002,0.0015,0,0.0002,0.01,-0.0002,0,0.0015,-0.0002,-0.0099,0,0.0123,0.9609,0.0067,1]},
{"frame":129,"values":[0.0099,-0.0002,0.0015,0,0.0002,0.01,-0.0001,0,0.0015,-0.0001,-0.0099,0,0.0114,0.9609,0.0072,1]},
{"frame":130,"values":[0.0099,-0.0002,0.0015,0,0.0002,0.01,0,0,0.0015,-0.0001,-0.0099,0,0.0106,0.9616,0.0078,1]},
{"frame":131,"values":[0.0099,-0.0002,0.0014,0,0.0002,0.01,0,0,0.0014,-0.0001,-0.0099,0,0.0096,0.9621,0.0083,1]},
{"frame":132,"values":[0.0099,-0.0003,0.0013,0,0.0003,0.01,0,0,0.0013,0,-0.0099,0,0.0086,0.9623,0.0086,1]},
{"frame":133,"values":[0.0099,-0.0003,0.0011,0,0.0003,0.01,0,0,0.0011,0,-0.0099,0,0.0078,0.9619,0.0086,1]},
{"frame":134,"values":[0.0099,-0.0003,0.001,0,0.0003,0.01,0,0,0.001,0,-0.01,0,0.0072,0.9609,0.0087,1]},
{"frame":135,"values":[0.01,-0.0003,0.0008,0,0.0003,0.01,0,0,0.0008,0,-0.01,0,0.0069,0.9598,0.0086,1]},
{"frame":136,"values":[0.01,-0.0003,0.0006,0,0.0003,0.01,0,0,0.0006,0,-0.01,0,0.0062,0.9602,0.0084,1]},
{"frame":137,"values":[0.01,-0.0003,0.0005,0,0.0003,0.01,0.0001,0,0.0005,0.0001,-0.01,0,0.0054,0.9599,0.008,1]},
{"frame":138,"values":[0.01,-0.0003,0.0004,0,0.0003,0.01,0.0001,0,0.0004,0.0001,-0.01,0,0.0045,0.9598,0.0071,1]},
{"frame":139,"values":[0.01,-0.0003,0.0003,0,0.0003,0.01,0.0001,0,0.0003,0.0001,-0.01,0,0.0037,0.9596,0.0061,1]},
{"frame":140,"values":[0.01,-0.0003,0.0002,0,0.0003,0.01,0.0001,0,0.0002,0.0001,-0.01,0,0.0028,0.9592,0.0049,1]},
{"frame":141,"values":[0.01,-0.0003,0.0001,0,0.0003,0.01,0.0001,0,0.0001,0.0001,-0.01,0,0.0017,0.9593,0.0042,1]},
{"frame":142,"values":[0.01,-0.0003,0,0,0.0003,0.01,0.0001,0,0,0.0001,-0.01,0,0.0008,0.9594,0.0036,1]},
{"frame":143,"values":[0.01,-0.0003,0,0,0.0003,0.01,0.0001,0,0,0.0001,-0.01,0,0.0001,0.9595,0.0028,1]},
{"frame":144,"values":[0.01,-0.0003,0,0,0.0003,0.01,0.0002,0,0,0.0002,-0.01,0,-0.0003,0.9591,0.0019,1]},
{"frame":145,"values":[0.01,-0.0003,-0.0001,0,0.0003,0.01,0.0002,0,0,0.0002,-0.01,0,-0.0008,0.9593,0.001,1]},
{"frame":146,"values":[0.01,-0.0003,-0.0001,0,0.0003,0.01,0.0002,0,-0.0001,0.0002,-0.01,0,-0.0011,0.9594,0.0004,1]},
{"frame":147,"values":[0.01,-0.0003,-0.0001,0,0.0003,0.01,0.0002,0,-0.0001,0.0002,-0.01,0,-0.0012,0.9595,-0.0003,1]},
{"frame":148,"values":[0.01,-0.0003,-0.0002,0,0.0003,0.01,0.0002,0,-0.0002,0.0002,-0.01,0,-0.0012,0.9594,-0.0009,1]},
{"frame":149,"values":[0.01,-0.0003,-0.0002,0,0.0003,0.01,0.0002,0,-0.0002,0.0002,-0.01,0,-0.001,0.9585,-0.0012,1]},
{"frame":150,"values":[0.01,-0.0003,-0.0002,0,0.0003,0.01,0.0002,0,-0.0002,0.0002,-0.01,0,-0.0008,0.9581,-0.0016,1]},
{"frame":151,"values":[0.01,-0.0003,-0.0003,0,0.0003,0.01,0.0002,0,-0.0003,0.0002,-0.01,0,-0.0007,0.9577,-0.0018,1]},
{"frame":152,"values":[0.01,-0.0003,-0.0003,0,0.0004,0.01,0.0002,0,-0.0003,0.0002,-0.01,0,-0.0005,0.9574,-0.0021,1]}],"loopBehavior":1,"name":"anim","property":"_matrix"}},
{"name":"mixamorig_Spine","index":1,"matrix":[1,-0.0001,0.0046,0,0,0.9997,0.0262,0,-0.0046,-0.0262,0.9996,0,-0.0001,9.8568,-1.2232,1],"rest":[1,0,0,0,0,1,0,0,0,0,1,0,-0.0001,9.8568,-1.2232,1],"parentBoneIndex":0,"length":2.586
,"animation":{"dataType":3,"framePerSecond":24,"keys":[
{"frame":0,"values":[1,-0.0001,0.0046,0,0,0.9997,0.0262,0,-0.0046,-0.0262,0.9996,0,-0.0001,9.8568,-1.2232,1]},
{"frame":2,"values":[1,-0.0002,0.0044,0,0.0001,0.9997,0.0262,0,-0.0044,-0.0262,0.9996,0,-0.0001,9.8567,-1.2232,1]},
{"frame":3,"values":[1,-0.0004,0.0041,0,0.0003,0.9997,0.0261,0,-0.0041,-0.0261,0.9997,0,-0.0001,9.8568,-1.2232,1]},
{"frame":4,"values":[1,-0.0005,0.0037,0,0.0004,0.9997,0.0259,0,-0.0037,-0.0259,0.9997,0,-0.0001,9.8568,-1.2232,1]},
{"frame":5,"values":[1,-0.0006,0.0035,0,0.0005,0.9997,0.0257,0,-0.0035,-0.0257,0.9997,0,-0.0001,9.8567,-1.2232,1]},
{"frame":6,"values":[1,-0.0008,0.0033,0,0.0008,0.9997,0.0257,0,-0.0033,-0.0257,0.9997,0,-0.0001,9.8568,-1.2232,1]},
{"frame":7,"values":[1,-0.0016,0.0028,0,0.0015,0.9997,0.026,0,-0.0028,-0.026,0.9997,0,-0.0001,9.8567,-1.2232,1]},
{"frame":8,"values":[1,-0.0029,0.0023,0,0.0028,0.9996,0.027,0,-0.0024,-0.027,0.9996,0,-0.0001,9.8568,-1.2232,1]},
{"frame":9,"values":[1,-0.0041,0.0034,0,0.004,0.9996,0.0284,0,-0.0035,-0.0284,0.9996,0,-0.0001,9.8567,-1.2232,1]},
{"frame":10,"values":[1,-0.0045,0.0073,0,0.0043,0.9996,0.0292,0,-0.0074,-0.0291,0.9995,0,-0.0001,9.8568,-1.2232,1]},
{"frame":11,"values":[0.9999,-0.004,0.0136,0,0.0036,0.9996,0.0283,0,-0.0137,-0.0282,0.9995,0,-0.0001,9.8568,-1.2232,1]},
{"frame":12,"values":[0.9998,-0.0031,0.0202,0,0.0026,0.9997,0.026,0,-0.0203,-0.0259,0.9995,0,-0.0001,9.8568,-1.2232,1]},
{"frame":13,"values":[0.9997,-0.0024,0.0251,0,0.0018,0.9997,0.0238,0,-0.0251,-0.0237,0.9994,0,-0.0001,9.8568,-1.2232,1]},
{"frame":14,"values":[0.9996,-0.0017,0.0281,0,0.001,0.9997,0.0232,0,-0.0281,-0.0232,0.9993,0,-0.0001,9.8567,-1.2232,1]},
{"frame":15,"values":[0.9996,-0.0003,0.03,0,-0.0004,0.9997,0.024,0,-0.03,-0.024,0.9993,0,-0.0001,9.8568,-1.2232,1]},
{"frame":16,"values":[0.9995,0.0016,0.0312,0,-0.0024,0.9997,0.025,0,-0.0312,-0.0251,0.9992,0,-0.0001,9.8568,-1.2232,1]},
{"frame":17,"values":[0.9995,0.003,0.0322,0,-0.0038,0.9997,0.0248,0,-0.0321,-0.0249,0.9992,0,-0.0001,9.8568,-1.2232,1]},
{"frame":18,"values":[0.9994,0.0036,0.033,0,-0.0044,0.9997,0.0235,0,-0.0329,-0.0236,0.9992,0,-0.0001,9.8567,-1.2232,1]},
{"frame":19,"values":[0.9994,0.0037,0.0336,0,-0.0045,0.9998,0.0218,0,-0.0336,-0.0219,0.9992,0,-0.0001,9.8568,-1.2232,1]},
{"frame":20,"values":[0.9994,0.004,0.0338,0,-0.0047,0.9998,0.0203,0,-0.0337,-0.0205,0.9992,0,-0.0001,9.8568,-1.2232,1]},
{"frame":21,"values":[0.9994,0.0044,0.0336,0,-0.005,0.9998,0.0197,0,-0.0336,-0.0198,0.9992,0,-0.0001,9.8568,-1.2232,1]},
{"frame":22,"values":[0.9994,0.0047,0.0336,0,-0.0054,0.9998,0.0194,0,-0.0335,-0.0196,0.9992,0,-0.0001,9.8568,-1.2232,1]},
{"frame":23,"values":[0.9994,0.0049,0.0336,0,-0.0056,0.9998,0.0194,0,-0.0334,-0.0196,0.9992,0,-0.0001,9.8568,-1.2232,1]},
{"frame":24,"values":[0.9994,0.0051,0.0336,0,-0.0057,0.9998,0.0195,0,-0.0335,-0.0197,0.9992,0,-0.0001,9.8567,-1.2232,1]},
{"frame":25,"values":[0.9994,0.0053,0.0336,0,-0.006,0.9998,0.0197,0,-0.0335,-0.0198,0.9992,0,-0.0001,9.8568,-1.2232,1]},
{"frame":26,"values":[0.9994,0.0054,0.0336,0,-0.0061,0.9998,0.0202,0,-0.0335,-0.0204,0.9992,0,-0.0001,9.8568,-1.2232,1]},
{"frame":27,"values":[0.9994,0.0051,0.0335,0,-0.0058,0.9997,0.0219,0,-0.0334,-0.0221,0.9992,0,-0.0001,9.8567,-1.2232,1]},
{"frame":28,"values":[0.9994,0.0039,0.0331,0,-0.0048,0.9997,0.0258,0,-0.033,-0.026,0.9991,0,-0.0001,9.8567,-1.2232,1]},
{"frame":29,"values":[0.9995,0.0022,0.0315,0,-0.0032,0.9995,0.0324,0,-0.0314,-0.0325,0.999,0,-0.0001,9.8568,-1.2232,1]},
{"frame":30,"values":[0.9996,0.0003,0.029,0,-0.0015,0.9992,0.0399,0,-0.029,-0.0399,0.9988,0,-0.0001,9.8568,-1.2232,1]},
{"frame":31,"values":[0.9997,-0.0013,0.0263,0,0.0001,0.9989,0.0465,0,-0.0263,-0.0465,0.9986,0,-0.0001,9.8568,-1.2232,1]},
{"frame":32,"values":[0.9997,-0.0028,0.0243,0,0.0016,0.9987,0.0514,0,-0.0244,-0.0513,0.9984,0,-0.0001,9.8568,-1.2232,1]},
{"frame":33,"values":[0.9997,-0.0041,0.0235,0,0.0029,0.9985,0.0545,0,-0.0237,-0.0545,0.9982,0,-0.0001,9.8568,-1.2232,1]},
{"frame":34,"values":[0.9997,-0.0051,0.0235,0,0.0038,0.9984,0.057,0,-0.0238,-0.0569,0.9981,0,-0.0001,9.8568,-1.2232,1]},
{"frame":35,"values":[0.9997,-0.0055,0.0236,0,0.0041,0.9982,0.0591,0,-0.0239,-0.059,0.998,0,-0.0001,9.8568,-1.2232,1]},
{"frame":36,"values":[0.9997,-0.0054,0.0236,0,0.0039,0.9982,0.0606,0,-0.0239,-0.0605,0.9979,0,-0.0001,9.8568,-1.2232,1]},
{"frame":37,"values":[0.9997,-0.005,0.0237,0,0.0035,0.9981,0.0612,0,-0.0239,-0.0611,0.9978,0,-0.0001,9.8568,-1.2232,1]},
{"frame":38,"values":[0.9997,-0.0044,0.0238,0,0.003,0.9981,0.061,0,-0.024,-0.0609,0.9979,0,-0.0001,9.8568,-1.2232,1]},
{"frame":39,"values":[0.9997,-0.0038,0.0242,0,0.0024,0.9982,0.0603,0,-0.0244,-0.0602,0.9979,0,-0.0001,9.8568,-1.2232,1]},
{"frame":40,"values":[0.9997,-0.0032,0.0251,0,0.0017,0.9982,0.0594,0,-0.0252,-0.0593,0.9979,0,-0.0001,9.8568,-1.2232,1]},
{"frame":41,"values":[0.9997,-0.0025,0.0259,0,0.001,0.9983,0.0588,0,-0.026,-0.0588,0.9979,0,-0.0001,9.8568,-1.2232,1]},
{"frame":42,"values":[0.9997,-0.0018,0.0264,0,0.0002,0.9983,0.0588,0,-0.0264,-0.0588,0.9979,0,-0.0001,9.8567,-1.2232,1]},
{"frame":43,"values":[0.9996,-0.0008,0.0266,0,-0.0008,0.9982,0.0596,0,-0.0266,-0.0596,0.9979,0,-0.0001,9.8568,-1.2232,1]},
{"frame":44,"values":[0.9996,0.001,0.0271,0,-0.0026,0.9981,0.061,0,-0.027,-0.061,0.9978,0,-0.0001,9.8568,-1.2232,1]},
{"frame":45,"values":[0.9996,0.0045,0.0276,0,-0.0062,0.998,0.0629,0,-0.0273,-0.063,0.9976,0,-0.0001,9.8567,-1.2232,1]},
{"frame":46,"values":[0.9996,0.0094,0.0274,0,-0.0112,0.9979,0.0644,0,-0.0267,-0.0647,0.9975,0,-0.0001,9.8568,-1.2232,1]},
{"frame":47,"values":[0.9996,0.0151,0.0256,0,-0.0167,0.9978,0.0646,0,-0.0246,-0.065,0.9976,0,-0.0001,9.8568,-1.2232,1]},
{"frame":48,"values":[0.9996,0.0203,0.022,0,-0.0216,0.9978,0.063,0,-0.0207,-0.0635,0.9978,0,-0.0001,9.8568,-1.2232,1]},
{"frame":49,"values":[0.9996,0.0238,0.0164,0,-0.0247,0.9979,0.0596,0,-0.015,-0.0599,0.9981,0,-0.0001,9.8568,-1.2232,1]},
{"frame":50,"values":[0.9996,0.0252,0.0097,0,-0.0257,0.9982,0.0548,0,-0.0083,-0.055,0.9984,0,-0.0001,9.8568,-1.2232,1]},
{"frame":51,"values":[0.9997,0.0244,0.0026,0,-0.0245,0.9985,0.0488,0,-0.0015,-0.0489,0.9988,0,-0.0001,9.8568,-1.2232,1]},
{"frame":52,"values":[0.9997,0.0221,-0.004,0,-0.022,0.9989,0.042,0,0.0049,-0.0419,0.9991,0,-0.0001,9.8568,-1.2232,1]},
{"frame":53,"values":[0.9998,0.0187,-0.0103,0,-0.0183,0.9992,0.0356,0,0.011,-0.0354,0.9993,0,-0.0001,9.8567,-1.2232,1]},
{"frame":54,"values":[0.9998,0.0145,-0.0168,0,-0.014,0.9994,0.0308,0,0.0173,-0.0306,0.9994,0,-0.0001,9.8568,-1.2232,1]},
{"frame":55,"values":[0.9997,0.0104,-0.0233,0,-0.0097,0.9996,0.0275,0,0.0236,-0.0273,0.9993,0,-0.0001,9.8568,-1.2232,1]},
{"frame":56,"values":[0.9996,0.0066,-0.0289,0,-0.0059,0.9997,0.025,0,0.0291,-0.0248,0.9993,0,-0.0001,9.8568,-1.2232,1]},
{"frame":57,"values":[0.9995,0.004,-0.0326,0,-0.0032,0.9997,0.023,0,0.0327,-0.0228,0.9992,0,-0.0001,9.8568,-1.2232,1]},
{"frame":58,"values":[0.9994,0.0024,-0.0346,0,-0.0017,0.9998,0.0215,0,0.0346,-0.0214,0.9992,0,-0.0001,9.8568,-1.2232,1]},
{"frame":59,"values":[0.9994,0.0015,-0.0354,0,-0.0007,0.9998,0.0207,0,0.0354,-0.0207,0.9992,0,-0.0001,9.8568,-1.2232,1]},
{"frame":60,"values":[0.9994,0.0005,-0.0358,0,0.0002,0.9998,0.0205,0,0.0358,-0.0205,0.9991,0,-0.0001,9.8568,-1.2232,1]},
{"frame":61,"values":[0.9993,-0.0009,-0.0362,0,0.0016,0.9998,0.0204,0,0.0362,-0.0204,0.9991,0,-0.0001,9.8568,-1.2232,1]},
{"frame":62,"values":[0.9993,-0.0023,-0.0367,0,0.003,0.9998,0.0204,0,0.0366,-0.0204,0.9991,0,-0.0001,9.8568,-1.2232,1]},
{"frame":63,"values":[0.9993,-0.0032,-0.0368,0,0.004,0.9998,0.0204,0,0.0368,-0.0206,0.9991,0,-0.0001,9.8568,-1.2232,1]},
{"frame":64,"values":[0.9993,-0.0037,-0.0366,0,0.0044,0.9998,0.0208,0,0.0365,-0.0209,0.9991,0,-0.0001,9.8568,-1.2232,1]},
{"frame":65,"values":[0.9993,-0.0043,-0.0358,0,0.0051,0.9998,0.0215,0,0.0357,-0.0217,0.9991,0,-0.0001,9.8568,-1.2232,1]},
{"frame":66,"values":[0.9994,-0.0053,-0.0346,0,0.006,0.9997,0.0227,0,0.0345,-0.0229,0.9991,0,-0.0001,9.8568,-1.2232,1]},
{"frame":67,"values":[0.9994,-0.0063,-0.0332,0,0.0071,0.9997,0.024,0,0.033,-0.0242,0.9992,0,-0.0001,9.8568,-1.2232,1]},
{"frame":68,"values":[0.9995,-0.0071,-0.0315,0,0.0079,0.9997,0.025,0,0.0313,-0.0253,0.9992,0,-0.0001,9.8568,-1.2232,1]},
{"frame":69,"values":[0.9995,-0.0076,-0.0296,0,0.0083,0.9997,0.0251,0,0.0294,-0.0253,0.9992,0,-0.0001,9.8568,-1.2232,1]},
{"frame":70,"values":[0.9996,-0.0081,-0.0269,0,0.0088,0.9997,0.0243,0,0.0267,-0.0245,0.9993,0,-0.0001,9.8568,-1.2232,1]},
{"frame":71,"values":[0.9997,-0.0083,-0.023,0,0.0088,0.9997,0.023,0,0.0228,-0.0232,0.9995,0,-0.0001,9.8568,-1.2232,1]},
{"frame":72,"values":[0.9998,-0.0078,-0.0177,0,0.0082,0.9997,0.0218,0,0.0175,-0.0219,0.9996,0,-0.0001,9.8568,-1.2232,1]},
{"frame":73,"values":[0.9999,-0.0058,-0.0113,0,0.0061,0.9998,0.0213,0,0.0112,-0.0213,0.9997,0,-0.0001,9.8567,-1.2232,1]},
{"frame":74,"values":[1,-0.0031,-0.0051,0,0.0032,0.9998,0.0216,0,0.005,-0.0216,0.9998,0,-0.0001,9.8568,-1.2232,1]},
{"frame":75,"values":[1,-0.0003,0,0,0.0003,0.9998,0.0223,0,0,-0.0223,0.9998,0,-0.0001,9.8568,-1.2232,1]},
{"frame":76,"values":[1,0.002,0.0036,0,-0.0021,0.9997,0.023,0,-0.0036,-0.023,0.9997,0,-0.0001,9.8568,-1.2232,1]},
{"frame":77,"values":[1,0.0034,0.0058,0,-0.0036,0.9997,0.0234,0,-0.0057,-0.0234,0.9997,0,-0.0001,9.8568,-1.2232,1]},
{"frame":78,"values":[1,0.0041,0.0073,0,-0.0043,0.9997,0.0237,0,-0.0072,-0.0237,0.9997,0,-0.0001,9.8568,-1.2232,1]},
{"frame":79,"values":[1,0.0044,0.0083,0,-0.0046,0.9997,0.024,0,-0.0082,-0.024,0.9997,0,-0.0001,9.8568,-1.2232,1]},
{"frame":80,"values":[1,0.0047,0.0087,0,-0.0049,0.9997,0.0244,0,-0.0086,-0.0244,0.9997,0,-0.0001,9.8567,-1.2232,1]},
{"frame":81,"values":[1,0.0043,0.0083,0,-0.0045,0.9997,0.0246,0,-0.0082,-0.0246,0.9997,0,-0.0001,9.8568,-1.2232,1]},
{"frame":82,"values":[1,0.0032,0.007,0,-0.0034,0.9997,0.0246,0,-0.0069,-0.0246,0.9997,0,-0.0001,9.8568,-1.2232,1]},
{"frame":83,"values":[1,0.0019,0.0049,0,-0.002,0.9997,0.0246,0,-0.0048,-0.0246,0.9997,0,-0.0001,9.8568,-1.2232,1]},
{"frame":84,"values":[1,0.001,0.0025,0,-0.001,0.9997,0.0247,0,-0.0025,-0.0247,0.9997,0,-0.0001,9.8567,-1.2232,1]},
{"frame":85,"values":[1,0.0004,0.0001,0,-0.0004,0.9997,0.0254,0,-0.0001,-0.0254,0.9997,0,-0.0001,9.8568,-1.2232,1]},
{"frame":86,"values":[1,-0.0004,-0.002,0,0.0005,0.9996,0.027,0,0.002,-0.027,0.9996,0,-0.0001,9.8568,-1.2232,1]},
{"frame":87,"values":[1,-0.0015,-0.0032,0,0.0016,0.9996,0.0294,0,0.0032,-0.0294,0.9996,0,-0.0001,9.8568,-1.2232,1]},
{"frame":88,"values":[1,-0.0023,-0.0028,0,0.0024,0.9995,0.0319,0,0.0027,-0.0319,0.9995,0,-0.0001,9.8568,-1.2232,1]},
{"frame":89,"values":[1,-0.0025,0.0008,0,0.0025,0.9995,0.033,0,-0.0009,-0.033,0.9995,0,-0.0001,9.8567,-1.2232,1]},
{"frame":90,"values":[1,-0.0023,0.008,0,0.0021,0.9995,0.0323,0,-0.008,-0.0323,0.9994,0,-0.0001,9.8567,-1.2232,1]},
{"frame":91,"values":[0.9998,-0.0013,0.019,0,0.0007,0.9995,0.0308,0,-0.019,-0.0308,0.9993,0,-0.0001,9.8568,-1.2232,1]},
{"frame":92,"values":[0.9994,0.0011,0.0331,0,-0.0021,0.9996,0.0295,0,-0.0331,-0.0295,0.999,0,-0.0001,9.8568,-1.2232,1]},
{"frame":93,"values":[0.9988,0.0051,0.0485,0,-0.0064,0.9996,0.028,0,-0.0483,-0.0283,0.9984,0,-0.0001,9.8568,-1.2232,1]},
{"frame":94,"values":[0.998,0.009,0.0626,0,-0.0106,0.9996,0.0256,0,-0.0623,-0.0262,0.9977,0,-0.0001,9.8568,-1.2232,1]},
{"frame":95,"values":[0.9971,0.0126,0.0745,0,-0.0143,0.9997,0.0219,0,-0.0742,-0.0229,0.997,0,-0.0001,9.8568,-1.2232,1]},
{"frame":96,"values":[0.9963,0.0161,0.0845,0,-0.0176,0.9997,0.0176,0,-0.0842,-0.0191,0.9963,0,-0.0001,9.8568,-1.2232,1]},
{"frame":97,"values":[0.9955,0.0193,0.0926,0,-0.0207,0.9997,0.0142,0,-0.0923,-0.0161,0.9956,0,-0.0001,9.8568,-1.2232,1]},
{"frame":98,"values":[0.9949,0.0221,0.0984,0,-0.0235,0.9996,0.0124,0,-0.0981,-0.0146,0.9951,0,-0.0001,9.8568,-1.2232,1]},
{"frame":99,"values":[0.9946,0.0241,0.1011,0,-0.0254,0.9996,0.0116,0,-0.1008,-0.0141,0.9948,0,-0.0001,9.8568,-1.2232,1]},
{"frame":100,"values":[0.9946,0.0253,0.101,0,-0.0266,0.9996,0.011,0,-0.1007,-0.0136,0.9948,0,-0.0001,9.8568,-1.2232,1]},
{"frame":101,"values":[0.9947,0.0259,0.0991,0,-0.027,0.9996,0.0098,0,-0.0988,-0.0124,0.995,0,-0.0001,9.8568,-1.2232,1]},
{"frame":102,"values":[0.995,0.0258,0.0967,0,-0.0268,0.9996,0.0086,0,-0.0965,-0.0112,0.9953,0,-0.0001,9.8568,-1.2232,1]},
{"frame":103,"values":[0.9952,0.0253,0.0944,0,-0.0262,0.9996,0.0081,0,-0.0942,-0.0106,0.9955,0,-0.0001,9.8568,-1.2232,1]},
{"frame":104,"values":[0.9954,0.025,0.0921,0,-0.0259,0.9996,0.0086,0,-0.0918,-0.0109,0.9957,0,-0.0001,9.8568,-1.2232,1]},
{"frame":105,"values":[0.9956,0.0251,0.0897,0,-0.0261,0.9996,0.0097,0,-0.0894,-0.012,0.9959,0,-0.0001,9.8568,-1.2232,1]},
{"frame":106,"values":[0.9958,0.0257,0.0877,0,-0.0268,0.9996,0.0108,0,-0.0874,-0.0131,0.9961,0,-0.0001,9.8568,-1.2232,1]},
{"frame":107,"values":[0.9959,0.0266,0.0866,0,-0.0277,0.9995,0.0116,0,-0.0863,-0.014,0.9962,0,-0.0001,9.8568,-1.2232,1]},
{"frame":108,"values":[0.9959,0.0276,0.0863,0,-0.0288,0.9995,0.0124,0,-0.0859,-0.0148,0.9962,0,-0.0001,9.8568,-1.2232,1]},
{"frame":109,"values":[0.9959,0.028,0.0859,0,-0.0293,0.9995,0.0135,0,-0.0855,-0.0159,0.9962,0,-0.0001,9.8568,-1.2232,1]},
{"frame":110,"values":[0.996,0.0277,0.0847,0,-0.029,0.9995,0.0149,0,-0.0843,-0.0173,0.9963,0,-0.0001,9.8568,-1.2232,1]},
{"frame":111,"values":[0.9962,0.027,0.0822,0,-0.0285,0.9995,0.0166,0,-0.0817,-0.0189,0.9965,0,-0.0001,9.8568,-1.2232,1]},
{"frame":112,"values":[0.9966,0.0262,0.0782,0,-0.0278,0.9994,0.0184,0,-0.0777,-0.0205,0.9968,0,-0.0001,9.8568,-1.2232,1]},
{"frame":113,"values":[0.9971,0.0254,0.072,0,-0.0269,0.9994,0.0202,0,-0.0715,-0.0221,0.9972,0,-0.0001,9.8568,-1.2232,1]},
{"frame":114,"values":[0.9977,0.0241,0.064,0,-0.0256,0.9994,0.0221,0,-0.0634,-0.0236,0.9977,0,-0.0001,9.8568,-1.2232,1]},
{"frame":115,"values":[0.9982,0.0221,0.055,0,-0.0235,0.9994,0.0241,0,-0.0544,-0.0253,0.9982,0,-0.0001,9.8568,-1.2232,1]},
{"frame":116,"values":[0.9988,0.0195,0.0459,0,-0.0207,0.9994,0.0262,0,-0.0453,-0.0271,0.9986,0,-0.0001,9.8568,-1.2232,1]},
{"frame":117,"values":[0.9992,0.0163,0.037,0,-0.0173,0.9995,0.028,0,-0.0365,-0.0286,0.9989,0,-0.0001,9.8568,-1.2232,1]},
{"frame":118,"values":[0.9995,0.0126,0.0282,0,-0.0134,0.9995,0.0291,0,-0.0278,-0.0294,0.9992,0,-0.0001,9.8568,-1.2232,1]},
{"frame":119,"values":[0.9998,0.0085,0.0195,0,-0.0091,0.9995,0.0293,0,-0.0193,-0.0294,0.9994,0,-0.0001,9.8568,-1.2232,1]},
{"frame":120,"values":[0.9999,0.0047,0.0115,0,-0.005,0.9996,0.0286,0,-0.0113,-0.0286,0.9995,0,-0.0001,9.8568,-1.2232,1]},
{"frame":121,"values":[1,0.0019,0.0046,0,-0.002,0.9996,0.0276,0,-0.0046,-0.0276,0.9996,0,-0.0001,9.8568,-1.2232,1]},
{"frame":122,"values":[1,-0.0001,-0.001,0,0.0001,0.9996,0.027,0,0.001,-0.027,0.9996,0,-0.0001,9.8568,-1.2232,1]},
{"frame":123,"values":[1,-0.0013,-0.0055,0,0.0014,0.9996,0.0271,0,0.0054,-0.0271,0.9996,0,-0.0001,9.8568,-1.2232,1]},
{"frame":124,"values":[1,-0.0017,-0.0083,0,0.0019,0.9996,0.0273,0,0.0083,-0.0273,0.9996,0,-0.0001,9.8568,-1.2232,1]},
{"frame":125,"values":[1,-0.0016,-0.0089,0,0.0018,0.9996,0.0272,0,0.0089,-0.0273,0.9996,0,-0.0001,9.8568,-1.2232,1]},
{"frame":126,"values":[1,-0.0013,-0.008,0,0.0015,0.9996,0.0269,0,0.008,-0.0269,0.9996,0,-0.0001,9.8568,-1.2232,1]},
{"frame":127,"values":[1,-0.0009,-0.0062,0,0.0011,0.9996,0.0267,0,0.0062,-0.0267,0.9996,0,-0.0001,9.8568,-1.2232,1]},
{"frame":128,"values":[1,-0.0006,-0.0044,0,0.0007,0.9996,0.0271,0,0.0043,-0.0271,0.9996,0,-0.0001,9.8568,-1.2232,1]},
{"frame":129,"values":[1,-0.0006,-0.003,0,0.0006,0.9996,0.028,0,0.0029,-0.028,0.9996,0,-0.0001,9.8568,-1.2232,1]},
{"frame":130,"values":[1,-0.0006,-0.0021,0,0.0007,0.9996,0.0286,0,0.0021,-0.0286,0.9996,0,-0.0001,9.8568,-1.2232,1]},
{"frame":131,"values":[1,-0.0007,-0.0016,0,0.0007,0.9996,0.0284,0,0.0015,-0.0284,0.9996,0,-0.0001,9.8568,-1.2232,1]},
{"frame":132,"values":[1,-0.0007,-0.0011,0,0.0007,0.9996,0.0277,0,0.0011,-0.0277,0.9996,0,-0.0001,9.8568,-1.2232,1]},
{"frame":133,"values":[1,-0.0006,-0.0006,0,0.0007,0.9996,0.0269,0,0.0006,-0.0269,0.9996,0,-0.0001,9.8568,-1.2232,1]},
{"frame":134,"values":[1,-0.0005,0,0,0.0005,0.9996,0.0265,0,0,-0.0265,0.9996,0,-0.0001,9.8568,-1.2232,1]},
{"frame":135,"values":[1,-0.0003,0.0006,0,0.0003,0.9996,0.0265,0,-0.0006,-0.0265,0.9996,0,-0.0001,9.8568,-1.2232,1]},
{"frame":136,"values":[1,-0.0001,0.0013,0,0.0001,0.9996,0.0266,0,-0.0013,-0.0266,0.9996,0,-0.0001,9.8568,-1.2232,1]},
{"frame":137,"values":[1,-0.0001,0.002,0,0.0001,0.9996,0.0267,0,-0.002,-0.0267,0.9996,0,-0.0001,9.8568,-1.2232,1]},
{"frame":138,"values":[1,-0.0002,0.0024,0,0.0001,0.9996,0.0268,0,-0.0024,-0.0268,0.9996,0,-0.0001,9.8568,-1.2232,1]},
{"frame":139,"values":[1,-0.0001,0.0026,0,0,0.9996,0.0268,0,-0.0026,-0.0268,0.9996,0,-0.0001,9.8568,-1.2232,1]},
{"frame":140,"values":[1,0.0001,0.0029,0,-0.0002,0.9996,0.0269,0,-0.0029,-0.0269,0.9996,0,-0.0001,9.8568,-1.2232,1]},
{"frame":141,"values":[1,0.0002,0.0033,0,-0.0003,0.9996,0.0269,0,-0.0033,-0.0269,0.9996,0,-0.0001,9.8567,-1.2232,1]},
{"frame":142,"values":[1,0.0002,0.0039,0,-0.0003,0.9996,0.027,0,-0.0039,-0.027,0.9996,0,-0.0001,9.8568,-1.2232,1]},
{"frame":143,"values":[1,0.0001,0.0044,0,-0.0003,0.9996,0.0273,0,-0.0044,-0.0273,0.9996,0,-0.0001,9.8568,-1.2232,1]},
{"frame":144,"values":[1,0.0002,0.0048,0,-0.0004,0.9996,0.0277,0,-0.0048,-0.0277,0.9996,0,-0.0001,9.8568,-1.2232,1]},
{"frame":145,"values":[1,0.0004,0.0048,0,-0.0005,0.9996,0.0279,0,-0.0048,-0.0279,0.9996,0,-0.0001,9.8568,-1.2232,1]},
{"frame":146,"values":[1,0.0005,0.0048,0,-0.0007,0.9996,0.0279,0,-0.0047,-0.0279,0.9996,0,-0.0001,9.8568,-1.2232,1]},
{"frame":147,"values":[1,0.0006,0.0046,0,-0.0007,0.9996,0.0276,0,-0.0046,-0.0276,0.9996,0,-0.0001,9.8567,-1.2232,1]},
{"frame":148,"values":[1,0.0006,0.0045,0,-0.0007,0.9996,0.0273,0,-0.0045,-0.0273,0.9996,0,-0.0001,9.8567,-1.2232,1]},
{"frame":149,"values":[1,0.0003,0.0044,0,-0.0004,0.9996,0.0269,0,-0.0044,-0.0269,0.9996,0,-0.0001,9.8568,-1.2232,1]},
{"frame":150,"values":[1,0.0001,0.0044,0,-0.0002,0.9996,0.0266,0,-0.0044,-0.0266,0.9996,0,-0.0001,9.8567,-1.2232,1]},
{"frame":151,"values":[1,0,0.0045,0,-0.0001,0.9997,0.0264,0,-0.0045,-0.0264,0.9996,0,-0.0001,9.8567,-1.2232,1]},
{"frame":152,"values":[1,0,0.0047,0,-0.0001,0.9997,0.0263,0,-0.0047,-0.0263,0.9996,0,-0.0001,9.8568,-1.2232,1]}],"loopBehavior":1,"name":"anim","property":"_matrix"}},
